"TOA5","Example_Station","CR1000X","12150","CR1000X.Std.03.02","CPU:Example_Station_v8.2.CR1X","57906","Table"
"TIMESTAMP","RECORD","Day_of_Year","HourMin","RS_kw_m2_Avg","RS_kw_m2_Max","RS_kw_m2_Min","RS_kw_m2_Std","PAR_Avg","PAR_Max","PAR_Min","mean_wind_vel","mean_wind_vector_mag","mean_vector_wind_dir","sd_wind_dir","WS_ms_Max","WS_ms_Min","WS_ms_Std","AT_C_Max","AT_C_Min","AT_C_Avg","RH_pct_Max","RH_pct_Min","RH_pct_Avg","BP_mB_Avg","PCPN_intrvl_Tot","PCPN_accumulated","RGTemp_C_Avg","TC_C_2_Max","TC_C_2_Min","TC_C_2_Avg","TC_C_10_Max","TC_C_10_Min","TC_C_10_Avg","delta_T_C_Max","delta_T_C_Min","delta_T_C_Avg","Soil_T50_C_Max","Soil_T50_C_Min","Soil_T50_C_Avg","Soil_T100_C_Max","Soil_T100_C_Min","Soil_T100_C_Avg","Soil_T200_C_Max","Soil_T200_C_Min","Soil_T200_C_Avg","Soil_T500_C_Max","Soil_T500_C_Min","Soil_T500_C_Avg","VWC50_Avg","VWC_V_Avg","CS616_50_Avg","CS616_V_Avg","LWmV_Avg","LWmV_Max","LWmV_Min","LWMDry_Tot","LWMCon_Tot","LWMWet_Tot","Batt_volt_Max","Batt_volt_Min","Batt_volt_Avg","Batt_Comm_Max","Batt_Comm_Min","Batt_Comm_Avg","PTemp_Avg","Sta_ID"
"TS","RN","_day_of_year","hours_min","kW/m²","kW/m²","kW/m²","kW/m²","mmol/s/m²","mmol/s/m²","mmol/s/m²","m/s","m/s","Deg","Deg","m/s","m/s","m/s","°C","°C","°C","%","%","%","mB","mm","mm","°C","°C","°C","°C","°C","°C","°C","°C","°C","°C","°C","°C","°C","°C","°C","°C","°C","°C","°C","°C","°C","°C","% H2O","% H2O","uSec","uSec","mV","mV","mV","Minutes","Minutes","Minutes","volts","volts","volts","volts","volts","volts","°C",""
"","","Smp","Smp","Avg","Max","Min","Std","Avg","Max","Min","WVc","WVc","WVc","WVc","Max","Min","Std","Max","Min","Avg","Max","Min","Avg","Avg","Tot","Smp","Avg","Max","Min","Avg","Max","Min","Avg","Max","Min","Avg","Max","Min","Avg","Max","Min","Avg","Max","Min","Avg","Max","Min","Avg","Avg","Avg","Avg","Avg","Avg","Max","Min","Tot","Tot","Tot","Max","Min","Avg","Max","Min","Avg","Avg","Smp"
"2020-01-07 14:40:00",0,7,1440,0.459,0.522,0.367,0.05,0.716,0.801,0.592,3.059,3.017,309.4,9.32,4.345,0,0.868,11.63,11.59,11.6,77.31,75.41,76.59,982.639,0,0,"NAN",12.27,11.89,12.13,11.61,11.35,11.44,-0.517,-0.84,-0.689,7.224,7.185,7.197,7.941,7.903,7.916,9.01,8.96,8.97,10.79,10.74,10.76,0.222,0.239,23.74,24.29,516.1,516.4,515.9,0,0,1.15,13.97,13.97,13.97,14.4,14.37,14.38,12.85,999
"2020-01-07 14:50:00",1,7,1450,0.329,0.543,0.152,0.136,0.531,0.826,0.279,3.737,3.654,320,12.09,5.423,2.156,0.686,12.07,11.43,11.76,78.49,73.88,75.96,1004.533,0,0,"NAN",12.8,11.55,12.05,11.78,11.14,11.42,-0.332,-1.068,-0.638,7.392,7.092,7.251,8.09,7.792,7.955,9.14,8.82,9,10.94,10.6,10.78,0.243,0.262,26.01,26.61,517.6,521,514.3,0,0,10,13.97,13.97,13.97,14.4,14.36,14.38,12.93,999
"2020-01-07 15:00:00",2,7,1500,0.155,0.206,0.114,0.029,0.274,0.36,0.205,4.408,4.287,319.7,13.39,7.154,1.601,1.106,11.43,11.03,11.21,79.79,77.43,78.86,1004.507,0,0,"NAN",11.91,11.26,11.55,11.37,11.04,11.24,-0.137,-0.575,-0.308,7.436,7.303,7.34,8.13,7.97,8.01,9.17,8.99,9.04,10.95,10.77,10.82,0.244,0.262,26.02,26.61,512.1,514.5,510.3,0,0,10,13.97,13.97,13.97,14.39,13.99,14.34,12.79,999
"2020-01-07 15:10:00",3,7,1510,0.116,0.124,0.104,0.006,0.202,0.218,0.184,4.626,4.516,322.2,12.52,7.677,1.993,1.184,11.03,10.83,10.9,81.3,79.66,80.4,1004.544,0,0,"NAN",11.44,11.22,11.31,11.24,11.04,11.12,-0.135,-0.242,-0.184,7.376,7.315,7.348,8.01,7.975,7.993,9.01,8.99,9,10.81,10.77,10.79,0.244,0.262,26.02,26.61,509.1,510.3,508.3,0,0,10,13.97,13.97,13.97,14.21,13.86,14,12.83,999
"2020-01-07 15:20:00",4,7,1520,0.102,0.122,0.07,0.014,0.178,0.204,0.143,4.017,3.758,309.8,20.59,6.174,1.013,0.963,10.88,10.79,10.84,82.5,81,81.7,1004.509,0,0,"NAN",11.42,11.15,11.27,11.15,10.93,11.03,-0.157,-0.349,-0.236,7.404,7.373,7.387,8.01,7.997,8,9.02,9,9.01,10.81,10.79,10.8,0.244,0.262,26.02,26.61,508.4,508.9,507.9,0,0,10,13.98,13.95,13.97,13.91,13.64,13.77,12.79,999
"2020-01-07 15:30:00",5,7,1530,0.139,0.356,0.056,0.107,0.237,0.519,0.126,3.618,3.37,310.3,21.23,5.749,0.98,1.046,10.88,10.55,10.66,82.9,79.36,82,1004.385,0,0,"NAN",11.65,10.92,11.16,11.28,10.89,11,-0.005,-0.448,-0.154,7.479,7.398,7.441,8.06,8,8.03,9.05,9,9.03,10.85,10.8,10.83,0.244,0.262,26.02,26.61,506.6,508.7,505.5,0,0,10,14,13.53,13.8,14.47,13.5,13.91,12.66,999
"2020-01-07 15:40:00",6,7,1540,0.136,0.305,0.079,0.055,0.235,0.453,0.16,4.056,3.896,300.6,16.1,6.337,1.503,0.845,11.1,10.87,10.95,79.93,78.18,79.19,1004.35,0,0,"NAN",11.66,11.3,11.45,11.4,11.1,11.24,-0.063,-0.395,-0.211,7.526,7.475,7.5,8.08,8.05,8.07,9.06,9.04,9.05,10.86,10.85,10.85,0.244,0.262,26.02,26.61,509.5,511,508.7,0,0,10,14,14,14,14.46,14.38,14.44,12.41,999
"2020-01-07 15:50:00",7,7,1550,0.089,0.099,0.078,0.005,0.169,0.187,0.155,3.87,3.721,303.6,15.92,7.611,1.078,1.195,10.93,10.75,10.82,80.6,79,79.89,1004.412,0,0,"NAN",11.36,11.17,11.27,11.33,11.19,11.26,0.08,-0.114,-0.006,7.577,7.526,7.553,8.11,8.08,8.09,9.07,9.05,9.06,10.88,10.86,10.87,0.244,0.262,26.02,26.61,508.3,509.2,507.5,0,0,10,14,14,14,14.45,14.31,14.43,12.19,999
"2020-01-07 16:00:00",8,7,1600,0.104,0.124,0.076,0.013,0.182,0.207,0.142,3.238,3.091,303.8,17.25,5.945,1.372,0.899,10.96,10.75,10.83,81,79.44,80.3,1004.374,0,0,"NAN",11.49,11.2,11.38,11.45,11.22,11.34,0.079,-0.137,-0.041,7.59,7.573,7.582,8.11,8.08,8.1,9.07,9.01,9.04,10.87,10.81,10.85,0.244,0.262,26.02,26.61,508.4,509.6,507.5,0,0,10,14,14,14,14.46,14.03,14.42,11.97,999
"2020-01-07 16:10:00",9,7,1610,0.069,0.077,0.057,0.005,0.123,0.141,0.099,3.363,3.125,297.8,21.53,6.207,1.405,0.857,10.95,10.89,10.91,80.5,79.22,80,1004.337,0,0,"NAN",11.41,11.35,11.37,11.36,11.29,11.31,-0.018,-0.091,-0.056,7.579,7.559,7.569,8.08,8.03,8.06,9.01,8.95,8.98,10.82,10.76,10.79,0.244,0.262,26.02,26.61,509.1,509.6,508.9,0,0,10,14.01,13.35,13.77,14.01,13.48,13.63,11.84,999
"2020-01-07 16:20:00",10,7,1620,0.062,0.085,0.043,0.015,0.1,0.126,0.075,2.865,2.695,297.8,19.73,5.619,0.49,1.002,10.93,10.87,10.89,81.9,79.93,80.7,1004.286,0,0,"NAN",11.37,11.25,11.31,11.29,11.13,11.21,-0.051,-0.204,-0.099,7.568,7.554,7.56,8.04,8.01,8.02,8.96,8.92,8.93,10.76,10.72,10.74,0.244,0.262,26.02,26.61,508.9,509.4,508.7,0,0,10,13.35,13.2,13.24,13.47,13.35,13.38,11.82,999
"2020-01-07 16:30:00",11,7,1630,0.037,0.075,0.026,0.013,0.07,0.116,0.055,3.294,3.112,311.6,19.02,6.762,1.176,1.223,10.92,10.59,10.77,82.8,81.1,81.8,1004.243,0,0,"NAN",11.32,10.88,11.06,11.13,10.89,11,0.026,-0.194,-0.057,7.61,7.562,7.581,8.04,8.01,8.02,8.93,8.91,8.92,10.74,10.72,10.73,0.244,0.262,26.03,26.61,507.7,509.2,505.8,0,0,10,13.25,13.13,13.18,13.35,13.12,13.22,11.85,999
"2020-01-07 16:40:00",12,7,1640,0.022,0.028,0.014,0.004,0.047,0.057,0.035,3.551,3.431,310.3,14.94,5.913,1.535,0.909,10.6,10.33,10.42,84.8,82.6,83.7,1004.282,0,0,"NAN",10.89,10.69,10.81,10.94,10.78,10.87,0.122,-0.01,0.064,7.787,7.604,7.676,8.21,8.04,8.1,9.09,8.93,8.98,10.91,10.74,10.8,0.244,0.262,26.03,26.61,504.3,506,503.3,0,0,10,13.13,13.06,13.09,13.12,12.97,13.04,11.79,999
"2020-01-07 16:50:00",13,7,1650,0.011,0.014,0.009,0.002,0.027,0.035,0.021,3.109,3.031,314,12.83,5.096,1.633,0.688,10.38,10.33,10.34,85,84.7,84.8,1004.327,0,0,"NAN",10.88,10.69,10.78,10.95,10.73,10.84,0.108,0.018,0.06,7.786,7.65,7.705,8.21,8.05,8.11,9.09,8.93,8.99,10.91,10.74,10.81,0.244,0.262,26.03,26.61,503.4,503.8,503.3,0,0,10,13.09,13.02,13.06,12.97,12.89,12.93,11.34,999
"2020-01-07 17:00:00",14,7,1700,0.008,0.009,0.006,0.001,0.017,0.021,0.013,3.087,2.995,323.4,13.97,6.501,1.437,0.927,10.37,10.27,10.32,85,84.3,84.8,1004.234,0,0,"NAN",10.73,10.49,10.64,10.78,10.63,10.72,0.225,-0.006,0.078,7.683,7.638,7.655,8.06,8.02,8.04,8.95,8.9,8.92,10.76,10.71,10.74,0.244,0.262,26.02,26.61,503.2,503.7,502.7,0,0,10,13.03,12.99,13.01,12.9,12.86,12.88,11.05,999
"2020-01-07 17:10:00",15,7,1710,0.005,0.006,0.003,0.001,0.008,0.013,0.003,2.333,2.21,322.4,18.6,5.423,0.817,0.863,10.32,10.25,10.27,85.7,84.6,85.2,1004.17,0,0,"NAN",10.64,10.44,10.53,10.7,10.48,10.59,0.123,0.001,0.055,7.649,7.611,7.625,8.03,7.979,7.993,8.9,8.83,8.84,10.71,10.63,10.65,0.244,0.262,26.02,26.61,502.8,503.2,502.5,0,0,10,13.03,12.97,12.99,12.86,12.84,12.85,10.92,999
"2020-01-07 17:20:00",16,7,1720,0.002,0.003,0.002,0,0.002,0.003,0.001,3.068,2.793,334.4,24.25,5.39,0.751,0.911,10.34,10.25,10.28,86,84.4,85.5,1004.141,0,0,"NAN",10.67,10.54,10.6,10.71,10.56,10.63,0.085,-0.029,0.033,7.691,7.64,7.665,8.03,7.998,8.02,8.84,8.83,8.83,10.65,10.63,10.64,0.244,0.262,26.02,26.6,502.8,503.5,502.5,0,0,10,12.97,12.95,12.96,12.84,12.82,12.83,10.97,999
"2020-01-07 17:30:00",17,7,1730,0.001,0.002,0.001,0,0.001,0.001,0,2.561,2.374,328.6,21.86,4.508,0.784,0.851,10.33,10.13,10.24,86.3,84.3,84.9,1004.122,0,0,"NAN",10.63,10.4,10.52,10.68,10.47,10.6,0.167,-0.001,0.086,7.757,7.686,7.72,8.09,8.03,8.06,8.88,8.83,8.85,10.68,10.64,10.66,0.244,0.262,26.02,26.61,502.4,503.2,501.3,0,0,10,12.95,12.93,12.94,12.82,12.81,12.82,11.04,999
"2020-01-07 17:40:00",18,7,1740,0.001,0.001,0.001,0,0,0,0,2.816,2.706,327.1,15.97,4.508,0.98,0.795,10.23,10.13,10.17,87.1,85.6,86.5,1004.19,0,0,"NAN",10.64,10.49,10.55,10.73,10.57,10.64,0.155,0.025,0.095,7.793,7.754,7.776,8.11,8.08,8.1,8.89,8.87,8.88,10.7,10.68,10.69,0.244,0.262,26.02,26.6,501.7,502.2,501.3,0,0,10,12.93,12.91,12.92,12.81,12.8,12.81,11.04,999
"2020-01-07 17:50:00",19,7,1750,0.001,0.001,0.001,0,0,0,0,3.031,2.923,320.4,15.28,5.259,0.915,0.906,10.18,10.07,10.11,87.9,87.1,87.5,1004.273,0,0,"NAN",10.58,10.37,10.48,10.74,10.55,10.66,0.292,0.084,0.181,7.843,7.787,7.815,8.15,8.11,8.13,8.91,8.88,8.89,10.72,10.69,10.7,0.244,0.262,26.02,26.6,501.1,501.8,500.7,0,0,10,12.91,12.9,12.91,12.81,12.8,12.8,11.01,999
"2020-01-07 18:00:00",20,7,1800,0.001,0.001,0.001,0,0,0,0,3.148,2.986,330.4,18.38,5.227,1.633,0.739,10.16,10.05,10.08,88.6,87.7,88.1,1004.313,0,0,"NAN",10.6,10.33,10.51,10.69,10.53,10.62,0.241,0.045,0.114,7.859,7.841,7.852,8.16,8.15,8.15,8.92,8.89,8.9,10.72,10.69,10.71,0.244,0.262,26.02,26.61,500.8,501.6,500.5,0,0,10,12.9,12.89,12.89,12.8,12.79,12.8,10.93,999
"2020-01-07 18:10:00",21,7,1810,0.001,0.001,0.001,0,0,0,0,3.179,3.053,330.1,16.13,5.619,1.437,0.832,10.15,10.07,10.1,88.2,87.7,88,1004.302,0,0,"NAN",10.59,10.42,10.51,10.65,10.46,10.56,0.098,-0.005,0.046,7.857,7.848,7.853,8.15,8.13,8.14,8.89,8.86,8.88,10.7,10.66,10.68,0.244,0.262,26.02,26.6,501,501.7,500.7,0,0,10,12.89,12.88,12.88,12.79,12.78,12.79,10.9,999
"2020-01-07 18:20:00",22,7,1820,0.001,0.001,0.001,0,0,0,0,3.531,3.392,329,16.1,5.782,1.176,1.103,10.25,10.15,10.19,88.4,87.8,88.1,1004.338,0,0,"NAN",10.64,10.51,10.56,10.66,10.5,10.58,0.083,-0.023,0.019,7.863,7.848,7.855,8.14,8.13,8.13,8.86,8.85,8.86,10.67,10.65,10.66,0.244,0.262,26.02,26.61,501.9,502.6,501.5,0,0,10,12.88,12.87,12.88,12.79,12.78,12.79,10.94,999
"2020-01-07 18:30:00",23,7,1830,0.001,0.001,0.001,0,0,0,0,2.622,2.458,329.2,20.23,4.508,1.176,0.698,10.25,10.15,10.19,89.8,88.2,88.8,1004.354,0,0,"NAN",10.6,10.47,10.52,10.63,10.47,10.55,0.08,-0.012,0.025,7.885,7.858,7.871,8.16,8.13,8.14,8.86,8.85,8.85,10.66,10.65,10.65,0.244,0.262,26.02,26.6,501.9,502.4,501.5,0,0,10,12.87,12.86,12.87,12.78,12.78,12.78,11,999
"2020-01-07 18:40:00",24,7,1840,0.001,0.001,0.001,0,0,0,0,2.709,2.565,332.3,18.65,4.214,0.947,0.65,10.17,10.09,10.11,90,88.9,89.5,1004.468,0,0,"NAN",10.58,10.41,10.47,10.61,10.47,10.52,0.105,0.007,0.054,7.923,7.882,7.903,8.19,8.15,8.17,8.89,8.86,8.87,10.68,10.66,10.67,0.244,0.262,26.02,26.6,501.1,501.8,500.9,0,0,10,12.87,12.86,12.86,12.78,12.77,12.78,11.05,999
"2020-01-07 18:50:00",25,7,1850,0.001,0.001,0.001,0,0,0,0,1.692,1.579,339.8,20.81,4.018,0,0.916,10.14,10.09,10.1,89.5,88.7,89,1004.381,0,0,"NAN",10.55,10.4,10.46,10.6,10.43,10.53,0.147,0,0.07,7.962,7.918,7.938,8.22,8.18,8.2,8.9,8.88,8.89,10.7,10.67,10.68,0.244,0.262,26.02,26.61,501,501.5,500.9,0,0,10,12.86,12.85,12.86,12.77,12.76,12.77,11.03,999
"2020-01-07 19:00:00",26,7,1900,0.001,0.001,0.001,0,0,0,0,1.997,1.795,326.6,25.8,4.508,0.196,0.863,10.11,9.99,10.05,89.9,88.8,89.4,1004.291,0,0,"NAN",10.48,10.26,10.39,10.61,10.42,10.53,0.249,0.055,0.148,8,7.958,7.981,8.26,8.22,8.24,8.93,8.9,8.91,10.72,10.69,10.71,0.244,0.262,26.02,26.6,500.6,501.1,499.9,0,0,10,12.85,12.85,12.85,12.77,12.76,12.77,10.96,999
"2020-01-07 19:10:00",27,7,1910,0.001,0.001,0.001,0,0,0,0,1.259,1.159,336.1,22.77,3.038,0.065,0.589,10.07,9.99,10.01,90.4,89.7,89.9,1004.178,0,0,"NAN",10.54,10.28,10.4,10.64,10.41,10.53,0.28,0.062,0.13,8.02,7.999,8.01,8.27,8.25,8.26,8.93,8.91,8.92,10.72,10.7,10.71,0.244,0.262,26.02,26.6,500.1,500.6,499.9,0,0,10,12.85,12.85,12.85,12.77,12.75,12.76,10.85,999
"2020-01-07 19:20:00",28,7,1920,0.001,0.001,0.001,0,0,0,0,1.922,1.098,344.3,53.02,4.443,0.359,0.808,10.27,10.03,10.1,90.6,88.9,89.6,1004.174,0,0,"NAN",10.73,10.25,10.5,10.83,10.3,10.59,0.198,-0.038,0.088,8.02,8,8.01,8.27,8.24,8.26,8.92,8.88,8.9,10.71,10.66,10.69,0.244,0.262,26.02,26.6,501,502.7,500.3,0,0,10,12.85,12.84,12.85,12.76,12.75,12.76,10.77,999
"2020-01-07 19:30:00",29,7,1930,0.001,0.001,0.001,0,0,0,0,2.433,2.212,311.6,24.37,5.978,0.947,1.116,10.41,9.99,10.14,91.4,88.8,90.5,1004.348,0,0,"NAN",10.9,10.2,10.59,10.97,10.32,10.74,0.328,0.036,0.15,8.01,8,8.01,8.25,8.24,8.25,8.89,8.87,8.88,10.67,10.65,10.66,0.244,0.262,26.02,26.6,501.4,504.5,499.9,0,0,10,12.84,12.84,12.84,12.76,12.75,12.76,10.76,999
"2020-01-07 19:40:00",30,7,1940,0.001,0.001,0.001,0,0,0,0,2.96,2.402,301.9,35.17,6.305,0.327,1.01,10.55,10.41,10.46,89.4,88.5,88.9,1004.414,0,0,"NAN",10.94,10.67,10.83,10.97,10.73,10.88,0.129,-0.008,0.054,8.01,8,8.01,8.24,8.23,8.24,8.87,8.86,8.87,10.65,10.63,10.64,0.244,0.262,26.01,26.6,504.6,505.4,504.1,0,0,10,12.84,12.84,12.84,12.75,12.75,12.75,10.82,999
"2020-01-07 19:50:00",31,7,1950,0.001,0.001,0.001,0,0,0,0,2.254,2.176,318.3,15,4.443,0.555,0.711,10.59,10.25,10.49,95.3,88.7,91.1,1004.461,0,0,"NAN",10.95,10.38,10.72,10.96,10.42,10.73,0.075,-0.054,0.011,8.03,8.01,8.02,8.26,8.24,8.25,8.88,8.86,8.87,10.65,10.63,10.64,0.244,0.262,26.01,26.6,504.9,505.9,502.5,0,0,10,12.84,12.84,12.84,12.75,12.74,12.75,10.91,999
"2020-01-07 20:00:00",32,7,2000,0.001,0.001,0.001,0,0,0,0,1.276,1.061,299.7,32.96,2.417,0,0.525,10.23,10.01,10.07,96.8,94.6,95.9,1004.484,0,0,"NAN",10.52,10.27,10.36,10.6,10.34,10.47,0.21,0.025,0.1,8.08,8.03,8.05,8.3,8.26,8.28,8.91,8.87,8.89,10.68,10.64,10.66,0.244,0.262,26.01,26.6,500.7,502.4,500.1,0,0,10,12.84,12.84,12.84,12.75,12.74,12.74,10.97,999
"2020-01-07 20:10:00",33,7,2010,0.001,0.001,0.001,0,0,0,0,0.848,0.708,355.1,32.75,1.699,0,0.357,10.1,9.99,10.05,97.2,95.2,96.2,1004.553,0,0,"NAN",10.47,10.22,10.36,10.68,10.37,10.52,0.257,0.089,0.16,8.11,8.07,8.09,8.33,8.3,8.32,8.92,8.9,8.92,10.69,10.67,10.68,0.244,0.262,26.01,26.6,500.5,501,499.9,0,0,10,12.84,12.84,12.84,12.74,12.74,12.74,10.94,999
"2020-01-07 20:20:00",34,7,2020,0.001,0.001,0.001,0,0,0,0,0.374,0.135,268.2,51.01,1.176,0,0.384,10.05,9.83,9.94,98.8,96.4,97.7,1004.572,0,0,"NAN",10.44,10.11,10.26,10.54,10.17,10.3,0.118,-0.054,0.038,8.12,8.1,8.11,8.34,8.32,8.33,8.93,8.91,8.92,10.69,10.67,10.68,0.243,0.262,26.01,26.6,499.4,500.6,498.3,0,0,10,12.84,12.83,12.84,12.74,12.73,12.74,10.89,999
"2020-01-07 20:30:00",35,7,2030,0.001,0.001,0.001,0,0,0,0,0.398,0.373,48.99,16.63,1.078,0,0.328,9.85,9.79,9.81,100,98.8,99.7,1004.56,1.016,1.016,"NAN",10.22,10.09,10.15,10.27,10.16,10.21,0.142,0.025,0.061,8.13,8.11,8.12,8.34,8.33,8.34,8.92,8.91,8.92,10.68,10.66,10.67,0.243,0.262,26.01,26.6,498.2,498.5,497.9,0,0,10,12.84,12.83,12.83,12.74,12.73,12.74,10.84,999
"2020-01-07 20:40:00",36,7,2040,0.001,0.001,0.001,0,0,0,0,0.973,0.138,340.8,72.16,1.862,0,0.502,9.84,9.59,9.77,100,100,100,1004.563,0,1.016,"NAN",10.26,9.87,10.1,10.39,9.84,10.15,0.204,-0.121,0.055,8.13,8.12,8.13,8.35,8.34,8.34,8.92,8.91,8.91,10.67,10.65,10.66,0.243,0.262,26.01,26.6,497.7,498.6,495.9,0,0,10,12.83,12.83,12.83,12.73,12.73,12.73,10.81,999
"2020-01-07 20:50:00",37,7,2050,0.001,0.001,0.001,0,0,0,0,1.301,0.853,22.86,47.27,2.973,0,0.61,9.92,9.55,9.67,100,100,100,1004.607,0,1.016,"NAN",10.39,9.88,10.14,10.52,9.94,10.25,0.165,0.062,0.117,8.14,8.13,8.14,8.35,8.34,8.35,8.92,8.9,8.91,10.66,10.64,10.65,0.243,0.262,26.01,26.6,496.8,499.3,495.5,0,0,10,12.83,12.83,12.83,12.73,12.72,12.73,10.79,999
"2020-01-07 21:00:00",38,7,2100,0.001,0.001,0.001,0,0,0,0,0.902,0.716,345.9,35.49,1.862,0,0.494,10.01,9.91,9.94,100,100,100,1004.615,0,1.016,"NAN",10.37,10.21,10.3,10.47,10.32,10.39,0.162,0.049,0.098,8.15,8.13,8.14,8.35,8.34,8.35,8.91,8.9,8.91,10.65,10.63,10.64,0.243,0.262,26.01,26.61,499.5,500.2,499.1,0,0,10,12.83,12.83,12.83,12.73,12.72,12.73,10.78,999
"2020-01-07 21:10:00",39,7,2110,0.001,0.001,0.001,0,0,0,0,0.94,0.848,22.44,24.93,2.842,0,0.523,10.07,9.99,10.02,100,100,100,1004.629,0,1.016,"NAN",10.4,10.31,10.37,10.49,10.36,10.42,0.106,0.027,0.056,8.16,8.14,8.15,8.36,8.35,8.35,8.91,8.9,8.9,10.64,10.63,10.63,0.243,0.262,26.01,26.6,500.2,500.6,499.9,0,0,10,12.83,12.83,12.83,12.73,12.72,12.72,10.8,999
"2020-01-07 21:20:00",40,7,2120,0.001,0.001,0.001,0,0,0,0,1.393,1.336,346.4,15.88,2.842,0,0.709,10.19,10.05,10.09,100,99.6,100,1004.624,0.254,1.27,"NAN",10.58,10.38,10.47,10.67,10.43,10.54,0.103,0.028,0.066,8.17,8.15,8.16,8.37,8.35,8.36,8.91,8.9,8.91,10.64,10.63,10.63,0.243,0.262,26.01,26.6,501,502,500.5,0,0,10,12.83,12.83,12.83,12.72,12.71,12.72,10.83,999
"2020-01-07 21:30:00",41,7,2130,0.001,0.001,0.001,0,0,0,0,1.056,0.856,319.6,34.58,2.646,0,0.612,10.26,10.09,10.16,100,99.6,99.9,1004.662,0,1.27,"NAN",10.57,10.37,10.49,10.68,10.43,10.59,0.171,0.02,0.102,8.18,8.17,8.17,8.39,8.37,8.38,8.92,8.91,8.91,10.64,10.63,10.63,0.243,0.262,26.01,26.6,501.6,502.6,500.9,0,0,10,12.83,12.83,12.83,12.72,12.71,12.72,10.87,999
"2020-01-07 21:40:00",42,7,2140,0.001,0.001,0.001,0,0,0,0,2.342,2.181,325.2,21.25,5.161,0.523,0.805,10.39,10.15,10.23,100,98.6,99.8,1004.725,0,1.27,"NAN",10.89,10.48,10.64,11.03,10.58,10.79,0.248,0.077,0.142,8.2,8.18,8.19,8.39,8.38,8.39,8.92,8.91,8.92,10.64,10.62,10.63,0.243,0.262,26.01,26.61,502.4,503.9,501.5,0,0,10,12.83,12.83,12.83,12.72,12.71,12.71,10.9,999
"2020-01-07 21:50:00",43,7,2150,0.001,0.001,0.001,0,0,0,0,2.023,1.675,355,33.57,3.691,0.49,0.769,10.65,10.39,10.53,98.9,96.1,97.5,1004.776,0,1.27,"NAN",11.07,10.75,10.91,11.18,10.88,11.03,0.254,0.041,0.113,8.2,8.19,8.2,8.4,8.39,8.39,8.92,8.91,8.92,10.63,10.62,10.62,0.243,0.262,26.01,26.6,505.3,506.5,503.9,0,0,10,12.83,12.83,12.83,12.71,12.7,12.71,10.95,999
"2020-01-07 22:00:00",44,7,2200,0.001,0.001,0.001,0,0,0,0,1.609,1.495,16.34,21.53,2.973,0.425,0.552,10.59,10.54,10.55,99.1,98.3,98.7,1004.693,0,1.27,"NAN",10.91,10.79,10.85,11.01,10.84,10.93,0.174,0.026,0.08,8.22,8.2,8.21,8.41,8.4,8.4,8.93,8.91,8.92,10.63,10.62,10.62,0.243,0.262,26.01,26.6,505.6,506,505.5,0,0,10,12.83,12.83,12.83,12.71,12.7,12.71,11.01,999
"2020-01-07 22:10:00",45,7,2210,0.001,0.001,0.001,0,0,0,0,0.953,0.285,251.6,64.67,2.156,0,0.542,10.58,10.13,10.37,100,99,99.7,1004.676,0.762,2.032,"NAN",10.85,10.43,10.61,10.89,10.44,10.65,0.14,-0.044,0.038,8.24,8.22,8.23,8.43,8.41,8.42,8.94,8.92,8.93,10.63,10.62,10.63,0.243,0.262,26.01,26.6,503.7,505.6,501.3,0,0,10,12.83,12.83,12.83,12.71,12.69,12.7,11.07,999
"2020-01-07 22:20:00",46,7,2220,0.001,0.001,0.001,0,0,0,0,3.106,2.595,303.8,32.52,8.2,0,1.535,10.67,10.13,10.31,100,96.3,99,1004.694,0.254,2.286,"NAN",11.21,10.44,10.76,11.46,10.54,10.99,0.534,0.089,0.226,8.26,8.24,8.25,8.45,8.43,8.44,8.95,8.94,8.94,10.64,10.63,10.63,0.243,0.262,26.01,26.6,503.2,506.7,501.3,0,0,10,12.83,12.83,12.83,12.7,12.7,12.7,11.1,999
"2020-01-07 22:30:00",47,7,2230,0.001,0.001,0.001,0,0,0,0,2.274,1.949,312,30.6,5.096,0.653,1.031,10.69,10.51,10.59,99.7,96.8,98.5,1004.712,0,2.286,"NAN",11.17,10.81,10.96,11.35,10.84,11.11,0.309,-0.02,0.148,8.27,8.25,8.26,8.46,8.44,8.45,8.95,8.94,8.95,10.64,10.63,10.63,0.243,0.262,26.01,26.6,505.9,507,505.1,0,0,10,12.83,12.83,12.83,12.7,12.69,12.7,11.11,999
"2020-01-07 22:40:00",48,7,2240,0.001,0.001,0.001,0,0,0,0,2.307,2.094,350.4,24.63,4.312,0.784,0.84,10.83,10.63,10.72,99.5,96.2,98,1004.683,0.254,2.54,"NAN",11.25,10.92,11.08,11.33,10.99,11.18,0.185,-0.016,0.095,8.28,8.26,8.27,8.46,8.45,8.45,8.95,8.94,8.94,10.63,10.62,10.62,0.243,0.262,26.01,26.6,507.2,508.4,506.3,0,0,10,12.83,12.83,12.83,12.7,12.69,12.69,11.15,999
"2020-01-07 22:50:00",49,7,2250,0.001,0.001,0.001,0,0,0,0,2.096,1.947,319.7,21.59,3.985,0.653,0.688,10.84,10.69,10.77,99.3,97.5,98.6,1004.597,0,2.54,"NAN",11.2,10.98,11.08,11.28,11.02,11.16,0.157,-0.008,0.082,8.29,8.27,8.28,8.47,8.45,8.46,8.95,8.94,8.94,10.62,10.61,10.62,0.243,0.262,26.01,26.6,507.7,508.7,506.9,0,0,10,12.83,12.83,12.83,12.69,12.68,12.69,11.2,999
"2020-01-07 23:00:00",50,7,2300,0.001,0.001,0.001,0,0,0,0,3.254,3.038,298.7,20.88,5.684,1.666,1.027,10.79,10.67,10.69,99.2,94.1,97.2,1004.581,0,2.54,"NAN",11.19,10.98,11.05,11.41,11.12,11.26,0.36,0.124,0.217,8.32,8.29,8.3,8.49,8.46,8.48,8.97,8.95,8.96,10.63,10.61,10.62,0.244,0.262,26.01,26.6,507,507.8,506.7,0,0,10,12.83,12.83,12.83,12.69,12.68,12.69,11.25,999
"2020-01-07 23:10:00",51,7,2310,0.001,0.001,0.001,0,0,0,0,3.313,3.214,321.2,13.97,5.978,1.045,0.963,10.77,10.57,10.67,97.8,95.3,96.6,1004.566,0,2.54,"NAN",11.12,10.79,10.98,11.34,10.95,11.19,0.414,0.122,0.206,8.34,8.31,8.33,8.51,8.49,8.5,8.98,8.96,8.97,10.64,10.62,10.63,0.244,0.262,26.02,26.6,506.8,508,505.7,0,0,10,12.83,12.83,12.83,12.69,12.68,12.68,11.26,999
"2020-01-07 23:20:00",52,7,2320,0.001,0.001,0.001,0,0,0,0,3.109,3.017,310.3,13.95,6.37,1.633,0.791,10.6,10.53,10.55,96.9,95,95.9,1004.503,0,2.54,"NAN",10.95,10.82,10.9,11.3,11.01,11.17,0.425,0.115,0.271,8.37,8.34,8.35,8.54,8.51,8.52,9,8.98,8.99,10.65,10.64,10.65,0.244,0.262,26.02,26.6,505.6,506.1,505.3,0,0,10,12.83,12.83,12.83,12.68,12.67,12.68,11.24,999
"2020-01-07 23:30:00",53,7,2330,0.001,0.001,0.001,0,0,0,0,2.098,2.024,307.2,15.18,4.083,1.176,0.547,10.55,10.19,10.36,98,96.5,97.3,1004.388,0,2.54,"NAN",10.83,10.47,10.65,11.05,10.78,10.93,0.397,0.194,0.282,8.4,8.36,8.38,8.57,8.53,8.55,9.02,8.99,9.01,10.67,10.65,10.66,0.244,0.262,26.02,26.6,503.6,505.5,501.9,0,0,10,12.83,12.83,12.83,12.68,12.67,12.68,11.18,999
"2020-01-07 23:40:00",54,7,2340,0.001,0.001,0.001,0,0,0,0,1.408,1.38,303.2,11.28,3.201,0.555,0.414,10.19,10.03,10.08,99,97.5,98.3,1004.299,0,2.54,"NAN",10.54,10.34,10.44,10.95,10.64,10.77,0.428,0.233,0.335,8.43,8.4,8.42,8.59,8.56,8.58,9.04,9.02,9.03,10.68,10.67,10.68,0.244,0.262,26.02,26.6,500.8,502,500.3,0,0,10,12.83,12.83,12.83,12.68,12.67,12.67,11.06,999
"2020-01-07 23:50:00",55,7,2350,0.001,0.001,0.001,0,0,0,0,1.035,0.995,314.4,15.9,1.731,0.327,0.281,10.06,9.85,9.97,100,98.9,99.5,1004.282,0,2.54,"NAN",10.41,10.17,10.3,10.64,10.32,10.5,0.299,0.123,0.203,8.43,8.42,8.43,8.59,8.58,8.59,9.03,9.02,9.03,10.68,10.65,10.67,0.244,0.262,26.02,26.6,499.8,500.6,498.5,0,0,10,12.83,12.83,12.83,12.67,12.67,12.67,10.91,999
"2020-01-08 00:00:00",56,8,0,0.001,0.001,0.001,0,0,0,0,0.752,0.695,302,22.23,1.111,0,0.233,9.86,9.79,9.81,100,100,100,1004.316,0,2.54,"NAN",10.22,10.06,10.16,10.37,10.25,10.33,0.227,0.123,0.175,8.44,8.43,8.43,8.59,8.58,8.58,9.02,9.01,9.02,10.66,10.64,10.65,0.244,0.262,26.02,26.6,498.1,498.6,497.9,0,0,10,12.83,12.83,12.83,12.67,12.66,12.66,10.81,999
"2020-01-08 00:10:00",57,8,10,0.001,0.001,0.001,0,0,0,0,0.324,0.314,313.4,12.56,1.045,0,0.24,9.82,9.75,9.77,100,100,100,1004.274,0,2.54,"NAN",10.1,10.04,10.07,10.28,10.17,10.2,0.228,0.082,0.134,8.44,8.43,8.43,8.59,8.58,8.58,9.02,9.01,9.01,10.65,10.63,10.64,0.244,0.262,26.03,26.6,497.7,498,497.5,0,0,10,12.83,12.83,12.83,12.66,12.66,12.66,10.74,999
"2020-01-08 00:20:00",58,8,20,0.001,0.001,0.001,0,0,0,0,0.253,0.238,256,13.52,0.849,0,0.309,9.77,9.53,9.61,100,100,100,1004.245,0,2.54,"NAN",10.06,9.81,9.92,10.18,10.1,10.14,0.335,0.103,0.228,8.46,8.43,8.45,8.6,8.58,8.59,9.02,9.01,9.01,10.64,10.63,10.63,0.244,0.262,26.03,26.6,496.1,497.7,495.3,0,0,10,12.83,12.83,12.83,12.66,12.65,12.66,10.68,999
"2020-01-08 00:30:00",59,8,30,0.001,0.001,0.001,0,0,0,0,0.308,0.264,296.8,22.87,1.013,0,0.316,9.56,9.29,9.42,100,100,100,1004.262,0,2.54,"NAN",9.84,9.49,9.66,10.19,9.94,10.05,0.535,0.313,0.395,8.49,8.45,8.47,8.63,8.59,8.61,9.05,9.02,9.03,10.66,10.64,10.65,0.244,0.262,26.03,26.6,494.2,495.6,492.9,0,0,10,12.83,12.83,12.83,12.66,12.65,12.65,10.59,999
"2020-01-08 00:40:00",60,8,40,0.001,0.001,0.001,0,0,0,0,0.81,0.777,318.4,16.49,1.176,0.457,0.157,9.34,9.21,9.26,100,100,100,1004.259,0,2.54,"NAN",9.86,9.45,9.61,10.07,9.83,9.97,0.569,0.188,0.359,8.5,8.49,8.49,8.64,8.62,8.63,9.05,9.03,9.04,10.66,10.64,10.65,0.244,0.262,26.04,26.6,492.6,493.2,492.1,0,0,10,12.83,12.82,12.83,12.65,12.64,12.65,10.44,999
"2020-01-08 00:50:00",61,8,50,0.001,0.001,0.001,0,0,0,0,0.942,0.866,323.7,22.98,1.372,0.49,0.195,9.3,9.23,9.26,100,100,100,1004.192,0,2.54,"NAN",9.7,9.55,9.63,10,9.83,9.9,0.38,0.163,0.277,8.51,8.49,8.5,8.64,8.62,8.63,9.04,9.03,9.04,10.64,10.63,10.64,0.244,0.262,26.04,26.6,492.6,493,492.3,0,0,10,12.83,12.82,12.82,12.65,12.64,12.64,10.31,999
"2020-01-08 01:00:00",62,8,100,0.001,0.001,0.001,0,0,0,0,1.163,1.138,307.6,11.97,1.731,0.653,0.283,9.28,9.05,9.17,100,100,100,1004.164,0,2.54,"NAN",9.58,9.36,9.48,9.93,9.77,9.85,0.524,0.257,0.366,8.52,8.5,8.51,8.64,8.63,8.64,9.04,9.03,9.04,10.64,10.62,10.63,0.244,0.262,26.04,26.6,491.7,492.8,490.5,0,0,10,12.83,12.82,12.82,12.64,12.64,12.64,10.19,999
"2020-01-08 01:10:00",63,8,110,0.001,0.001,0.001,0,0,0,0,1.222,1.199,304.5,11.09,1.666,0.817,0.163,9.13,8.99,9.04,100,100,100,1004.136,0,2.54,"NAN",9.57,9.26,9.4,9.79,9.67,9.72,0.434,0.183,0.312,8.52,8.51,8.51,8.65,8.63,8.64,9.04,9.02,9.03,10.63,10.61,10.62,0.244,0.261,26.05,26.6,490.4,491.2,489.9,0,0,10,12.82,12.82,12.82,12.64,12.63,12.64,10.07,999
"2020-01-08 01:20:00",64,8,120,0.001,0.001,0.001,0,0,0,0,1.232,1.222,308,7.289,1.764,0.653,0.257,9.1,9.01,9.04,100,100,100,1004.159,0,2.54,"NAN",9.48,9.38,9.43,9.75,9.64,9.7,0.327,0.217,0.271,8.52,8.51,8.51,8.64,8.63,8.64,9.03,9.01,9.02,10.61,10.59,10.6,0.245,0.261,26.05,26.6,490.4,491,490.1,0,0,10,12.82,12.82,12.82,12.63,12.63,12.63,9.99,999
"2020-01-08 01:30:00",65,8,130,0.001,0.001,0.001,0,0,0,0,1.274,1.259,313,8.98,1.601,0.784,0.162,9.08,8.99,9.04,100,100,100,1004.141,0,2.54,"NAN",9.47,9.25,9.36,9.74,9.65,9.68,0.451,0.215,0.322,8.54,8.51,8.52,8.67,8.63,8.64,9.04,9.01,9.02,10.62,10.59,10.6,0.245,0.262,26.05,26.6,490.4,490.8,489.9,0,0,10,12.82,12.82,12.82,12.63,12.62,12.63,9.95,999
"2020-01-08 01:40:00",66,8,140,0.001,0.001,0.001,0,0,0,0,1.273,1.26,309.7,8.14,1.699,0.915,0.169,9.02,8.97,8.99,100,100,100,1004.235,0,2.54,"NAN",9.44,9.25,9.33,9.73,9.61,9.67,0.423,0.222,0.337,8.57,8.54,8.56,8.69,8.66,8.68,9.06,9.04,9.06,10.64,10.61,10.63,0.245,0.262,26.05,26.6,489.9,490.2,489.7,0,0,10,12.82,12.82,12.82,12.63,12.62,12.62,9.86,999
"2020-01-08 01:50:00",67,8,150,0.001,0.001,0.001,0,0,0,0,1.408,1.368,327,13.72,2.287,0.425,0.296,9.02,8.77,8.9,100,100,100,1004.311,0,2.54,"NAN",9.34,9.02,9.19,9.64,9.35,9.48,0.426,0.215,0.29,8.56,8.55,8.56,8.69,8.67,8.68,9.06,9.04,9.05,10.62,10.6,10.61,0.245,0.261,26.06,26.6,489,490.2,487.7,0,0,10,12.82,12.82,12.82,12.62,12.61,12.62,9.75,999
"2020-01-08 02:00:00",68,8,200,0.001,0.001,0.001,0,0,0,0,1.227,1.193,299.9,13.44,1.797,0.523,0.231,8.82,8.59,8.67,100,100,100,1004.256,0,2.54,"NAN",9.13,8.89,8.96,9.48,9.24,9.37,0.525,0.204,0.407,8.59,8.56,8.57,8.71,8.68,8.7,9.08,9.05,9.07,10.64,10.61,10.63,0.245,0.261,26.06,26.6,486.7,488,485.9,0,0,10,12.82,12.82,12.82,12.62,12.61,12.61,9.64,999
"2020-01-08 02:10:00",69,8,210,0.001,0.001,0.001,0,0,0,0,1.429,1.412,284.4,8.58,2.221,0.915,0.262,8.66,8.29,8.44,100,100,100,1004.322,0,2.54,"NAN",8.97,8.55,8.71,9.46,9.04,9.32,0.817,0.374,0.618,8.59,8.58,8.59,8.72,8.71,8.71,9.08,9.07,9.07,10.64,10.62,10.63,0.245,0.262,26.06,26.6,484.4,486.4,482.9,0,0,10,12.82,12.82,12.82,12.61,12.6,12.61,9.48,999
"2020-01-08 02:20:00",70,8,220,0.001,0.001,0.001,0,0,0,0,1.206,1.195,291.4,7.802,1.503,0.751,0.139,8.41,8.29,8.36,100,100,100,1004.285,0,2.54,"NAN",8.74,8.55,8.67,9.37,9.13,9.28,0.692,0.539,0.608,8.61,8.58,8.59,8.73,8.71,8.72,9.09,9.06,9.08,10.64,10.62,10.63,0.245,0.261,26.06,26.6,483.6,484.1,482.9,0,0,10,12.82,12.82,12.82,12.61,12.6,12.6,9.32,999
"2020-01-08 02:30:00",71,8,230,0.001,0.001,0.001,0,0,0,0,1.226,1.213,299.8,8.34,1.764,0.849,0.182,8.34,8.17,8.26,100,100,100,1004.294,0,2.54,"NAN",8.82,8.25,8.56,9.3,9.06,9.19,0.972,0.454,0.627,8.62,8.6,8.62,8.75,8.73,8.74,9.1,9.09,9.1,10.65,10.63,10.64,0.245,0.261,26.07,26.6,482.6,483.6,481.7,0,0,10,12.82,12.82,12.82,12.6,12.6,12.6,9.14,999
"2020-01-08 02:40:00",72,8,240,0.001,0.001,0.001,0,0,0,0,1.451,1.416,299.3,12.45,2.417,0.947,0.289,8.22,8.07,8.11,100,100,100,1004.356,0,2.54,"NAN",8.66,8.24,8.43,9.33,9.04,9.18,0.965,0.573,0.751,8.63,8.61,8.62,8.76,8.74,8.75,9.1,9.09,9.09,10.64,10.62,10.63,0.245,0.261,26.07,26.6,481.1,482.2,480.7,0,0,10,12.82,12.81,12.82,12.6,12.59,12.6,8.95,999
"2020-01-08 02:50:00",73,8,250,0.001,0.001,0.001,0,0,0,0,1.004,0.988,289.5,10.17,1.47,0.229,0.251,8.12,7.809,7.998,100,100,100,1004.398,0,2.54,"NAN",8.49,7.976,8.25,9.19,8.49,8.91,0.781,0.491,0.66,8.66,8.62,8.64,8.79,8.75,8.77,9.13,9.1,9.11,10.65,10.63,10.64,0.245,0.261,26.07,26.6,480,481.2,478.1,0,0,10,12.82,12.81,12.81,12.59,12.59,12.59,8.74,999
"2020-01-08 03:00:00",74,8,300,0.001,0.001,0.001,0,0,0,0,0.178,0.172,304.4,11.18,0.686,0,0.201,7.81,7.707,7.732,100,100,100,1004.334,0,2.54,"NAN",8.13,7.956,8.02,8.61,8.27,8.47,0.634,0.248,0.447,8.68,8.65,8.67,8.81,8.79,8.8,9.14,9.12,9.14,10.67,10.65,10.66,0.245,0.261,26.07,26.6,477.3,478.1,477.1,0,0,10,12.81,12.81,12.81,12.59,12.58,12.59,8.46,999
"2020-01-08 03:10:00",75,8,310,0.001,0.001,0.001,0,0,0,0,0.196,0.166,337.5,24.22,0.686,0,0.188,7.735,7.468,7.56,100,100,100,1004.279,0.254,2.794,"NAN",7.981,7.684,7.831,8.37,8.13,8.25,0.511,0.282,0.419,8.68,8.67,8.68,8.82,8.81,8.82,9.15,9.14,9.14,10.67,10.66,10.66,0.245,0.261,26.08,26.6,475.6,477.6,474.7,0,0,10,12.81,12.81,12.81,12.59,12.58,12.58,8.17,999
"2020-01-08 03:20:00",76,8,320,0.001,0.001,0.001,0,0,0,0,0.272,0.272,317.5,0.836,0.653,0,0.191,7.536,7.109,7.337,100,100,100,1004.283,0,2.794,"NAN",7.961,7.227,7.506,8.3,7.889,8.16,1.024,0.268,0.651,8.68,8.64,8.66,8.82,8.78,8.8,9.15,9.11,9.13,10.66,10.62,10.64,0.245,0.261,26.08,26.6,473.4,475.3,471.1,0,0,10,12.81,12.81,12.81,12.58,12.57,12.58,7.91,999
"2020-01-08 03:30:00",77,8,330,0.001,0.001,0.001,0,0,0,0,0.606,0.606,317.8,1.058,0.915,0.327,0.178,7.137,6.949,7.082,100,100,100,1004.233,0,2.794,"NAN",7.459,7.097,7.329,8.04,7.722,7.885,0.679,0.379,0.555,8.64,8.63,8.64,8.79,8.77,8.78,9.12,9.1,9.1,10.62,10.6,10.61,0.245,0.261,26.08,26.6,470.8,471.4,469.5,0,0,10,12.81,12.81,12.81,12.58,12.57,12.58,7.752,999
"2020-01-08 03:40:00",78,8,340,0.001,0.001,0.001,0,0,0,0,0.838,0.802,334,16.73,1.274,0.425,0.205,6.955,6.669,6.84,100,100,100,1004.248,0,2.794,"NAN",7.222,6.88,7.058,7.824,7.438,7.604,0.858,0.221,0.546,8.65,8.63,8.64,8.8,8.78,8.79,9.12,9.1,9.11,10.62,10.6,10.61,0.246,0.261,26.08,26.6,468.4,469.5,466.7,0,0,10,12.81,12.81,12.81,12.57,12.57,12.57,7.605,999
"2020-01-08 03:50:00",79,8,350,0.001,0.001,0.001,0,0,0,0,1.089,1.064,351.7,12.23,1.339,0.686,0.122,6.696,6.449,6.634,100,100,100,1004.15,0,2.794,"NAN",7.226,6.588,6.915,7.996,7.721,7.863,1.23,0.722,0.948,8.66,8.64,8.65,8.82,8.8,8.81,9.14,9.12,9.13,10.63,10.61,10.62,0.246,0.261,26.08,26.6,466.3,467,464.5,0,0,10,12.81,12.81,12.81,12.57,12.56,12.57,7.42,999
"2020-01-08 04:00:00",80,8,400,0.001,0.001,0.001,0,0,0,0,1.037,1.022,337.1,9.58,1.339,0.817,0.101,6.481,6.288,6.364,100,100,100,1004.111,0,2.794,"NAN",6.813,6.465,6.63,7.841,7.383,7.575,1.168,0.71,0.946,8.67,8.65,8.66,8.83,8.81,8.82,9.14,9.13,9.14,10.63,10.62,10.62,0.246,0.261,26.08,26.6,463.6,464.8,462.9,0,0,10,12.81,12.8,12.81,12.57,12.56,12.56,7.21,999
"2020-01-08 04:10:00",81,8,410,0.001,0.001,0.001,0,0,0,0,0.967,0.962,323.6,6.092,1.143,0.719,0.085,6.398,6.149,6.279,100,100,100,1004.226,0,2.794,"NAN",6.836,6.416,6.62,7.779,7.042,7.443,1.101,0.469,0.824,8.66,8.65,8.65,8.83,8.82,8.82,9.14,9.13,9.14,10.63,10.61,10.62,0.246,0.261,26.08,26.6,462.8,464,461.5,0,0,10,12.8,12.8,12.8,12.56,12.55,12.56,7.008,999
"2020-01-08 04:20:00",82,8,420,0.001,0.001,0.001,0,0,0,0,0.903,0.898,338.9,5.749,1.143,0.588,0.12,6.173,5.989,6.08,100,100,100,1004.378,0,2.794,"NAN",6.484,6.222,6.333,7.398,7.029,7.233,1.141,0.699,0.901,8.66,8.65,8.65,8.84,8.82,8.83,9.15,9.14,9.14,10.63,10.61,10.62,0.246,0.261,26.09,26.6,460.8,461.7,459.9,0,0,10,12.8,12.8,12.8,12.56,12.56,12.56,6.817,999
"2020-01-08 04:30:00",83,8,430,0.001,0.001,0.001,0,0,0,0,0.862,0.857,344.8,5.822,1.241,0.425,0.176,6.14,5.988,6.071,100,100,100,1004.398,0,2.794,"NAN",6.525,6.279,6.399,7.263,6.859,7.066,0.883,0.535,0.667,8.66,8.65,8.66,8.85,8.84,8.85,9.16,9.15,9.15,10.63,10.62,10.62,0.246,0.261,26.09,26.6,460.7,461.4,459.9,0,0,10,12.8,12.8,12.8,12.56,12.55,12.56,6.603,999
"2020-01-08 04:40:00",84,8,440,0.001,0.001,0.001,0,0,0,0,1.013,1.001,333.6,8.98,1.372,0.686,0.145,6.056,5.749,5.931,100,100,100,1004.46,0,2.794,"NAN",6.479,5.999,6.199,7.445,6.846,7.148,1.443,0.681,0.949,8.66,8.64,8.65,8.85,8.84,8.84,9.16,9.15,9.15,10.63,10.61,10.62,0.246,0.261,26.09,26.6,459.3,460.6,457.5,0,0,10,12.8,12.8,12.8,12.56,12.55,12.55,6.391,999
"2020-01-08 04:50:00",85,8,450,0.001,0.001,0.001,0,0,0,0,0.955,0.949,350.3,6.612,1.209,0.621,0.134,5.782,5.608,5.645,100,100,100,1004.498,0,2.794,"NAN",6.049,5.782,5.917,7.377,6.718,6.986,1.489,0.757,1.069,8.64,8.63,8.64,8.85,8.84,8.84,9.16,9.15,9.15,10.61,10.6,10.61,0.246,0.261,26.09,26.6,456.4,457.8,456.1,0,0,10,12.8,12.8,12.8,12.55,12.54,12.55,6.209,999
"2020-01-08 05:00:00",86,8,500,0.001,0.001,0.001,0,0,0,0,0.736,0.731,344.3,7.155,1.013,0.392,0.158,5.856,5.628,5.741,100,100,100,1004.474,0,2.794,"NAN",6.331,5.986,6.099,7.3,6.797,7.057,1.3,0.733,0.958,8.63,8.61,8.62,8.85,8.83,8.84,9.16,9.14,9.15,10.62,10.59,10.6,0.246,0.261,26.09,26.6,457.4,458.6,456.3,0,0,10,12.8,12.79,12.79,12.55,12.55,12.55,6.039,999
"2020-01-08 05:10:00",87,8,510,0.001,0.001,0.001,0,0,0,0,0.751,0.75,333.9,2.39,1.013,0.555,0.118,5.832,5.649,5.766,100,100,100,1004.468,0,2.794,"NAN",6.167,5.784,6.048,7.098,6.825,6.926,1.137,0.671,0.878,8.61,8.59,8.6,8.84,8.82,8.83,9.15,9.14,9.14,10.6,10.58,10.59,0.246,0.261,26.09,26.6,457.7,458.4,456.5,0,0,10,12.79,12.79,12.79,12.55,12.54,12.55,5.911,999
"2020-01-08 05:20:00",88,8,520,0.001,0.001,0.001,0,0,0,0,0.83,0.825,328.7,5.868,1.143,0.392,0.169,5.676,5.567,5.614,100,100,100,1004.317,0,2.794,"NAN",6.12,5.68,5.913,7.061,6.672,6.868,1.36,0.701,0.955,8.6,8.58,8.59,8.83,8.82,8.83,9.15,9.14,9.15,10.59,10.58,10.59,0.246,0.261,26.09,26.6,456.1,456.8,455.5,0,0,10,12.79,12.79,12.79,12.55,12.54,12.54,5.807,999
"2020-01-08 05:30:00",89,8,530,0.001,0.001,0.001,0,0,0,0,0.838,0.828,332.4,8.8,1.143,0.555,0.127,5.635,5.409,5.501,100,100,100,1004.109,0,2.794,"NAN",6.115,5.604,5.77,7.141,6.385,6.595,1.144,0.528,0.825,8.58,8.56,8.57,8.83,8.81,8.82,9.15,9.14,9.14,10.59,10.57,10.58,0.246,0.261,26.09,26.6,455,456.4,454.1,0,0,10,12.79,12.79,12.79,12.55,12.54,12.54,5.705,999
"2020-01-08 05:40:00",90,8,540,0.001,0.001,0.001,0,0,0,0,1.175,1.172,348.3,3.946,1.535,0.784,0.19,5.435,4.949,5.26,100,100,100,1004.219,0,2.794,"NAN",5.735,5.057,5.436,6.79,6.331,6.587,1.694,0.767,1.151,8.57,8.55,8.56,8.83,8.82,8.83,9.16,9.15,9.15,10.59,10.58,10.58,0.246,0.261,26.09,26.6,452.6,454.4,449.5,0,0,10,12.79,12.79,12.79,12.54,12.53,12.54,5.588,999
"2020-01-08 05:50:00",91,8,550,0.001,0.001,0.001,0,0,0,0,1.528,1.523,336,4.609,1.993,0.947,0.252,5.12,4.928,5.022,100,100,100,1004.416,0,2.794,"NAN",5.581,5.139,5.37,6.946,6.238,6.627,1.679,0.933,1.257,8.56,8.52,8.54,8.83,8.81,8.82,9.16,9.14,9.15,10.59,10.56,10.58,0.246,0.261,26.09,26.6,450.2,451.2,449.3,0,0,10,12.79,12.78,12.79,12.54,12.54,12.54,5.469,999
"2020-01-08 06:00:00",92,8,600,0.001,0.001,0.001,0,0,0,0,1.387,1.359,327.4,11.43,1.993,1.013,0.218,5.19,4.908,5.081,100,100,100,1004.667,0,2.794,"NAN",5.75,5.12,5.451,7.224,6.706,6.933,2.054,1.162,1.482,8.53,8.47,8.5,8.81,8.77,8.79,9.15,9.1,9.12,10.57,10.52,10.54,0.246,0.261,26.09,26.6,450.8,452.1,449.1,0,0,10,12.79,12.78,12.78,12.54,12.53,12.54,5.395,999
"2020-01-08 06:10:00",93,8,610,0.001,0.001,0.001,0,0,0,0,1,0.975,328.6,12.67,1.503,0.686,0.142,5.353,5.129,5.179,100,100,100,1004.777,0,2.794,"NAN",5.799,5.333,5.521,7.007,6.455,6.681,1.542,0.691,1.16,8.47,8.44,8.46,8.77,8.76,8.77,9.11,9.1,9.1,10.53,10.51,10.52,0.246,0.261,26.09,26.6,451.8,453.3,451.3,0,0,10,12.78,12.78,12.78,12.54,12.53,12.54,5.393,999
"2020-01-08 06:20:00",94,8,620,0.001,0.001,0.001,0,0,0,0,1.167,1.16,336,6.128,1.503,0.784,0.144,5.871,5.33,5.574,100,100,100,1004.911,0,2.794,"NAN",6.483,5.724,6.018,7.109,6.482,6.821,1.112,0.491,0.804,8.45,8.41,8.43,8.77,8.73,8.75,9.1,9.08,9.09,10.52,10.49,10.5,0.246,0.261,26.09,26.6,455.7,459,453.3,0,0,10,12.78,12.78,12.78,12.54,12.53,12.54,5.381,999
"2020-01-08 06:30:00",95,8,630,0.001,0.001,0.001,0,0,0,0,1.178,1.166,337.6,8.25,1.568,0.882,0.126,6.094,5.588,5.887,100,100,100,1005.101,0,2.794,"NAN",6.495,5.64,6.08,7.302,7,7.147,1.441,0.666,1.068,8.41,8.39,8.4,8.74,8.72,8.73,9.09,9.08,9.09,10.5,10.49,10.49,0.246,0.261,26.09,26.6,458.9,460.8,455.9,0,0,10,12.78,12.78,12.78,12.54,12.53,12.53,5.427,999
"2020-01-08 06:40:00",96,8,640,0.001,0.001,0.001,0,0,0,0,1.202,1.192,335.1,7.438,1.503,0.882,0.149,5.604,5.368,5.426,100,100,100,1005.258,0,2.794,"NAN",5.863,5.526,5.672,7.19,6.801,7.05,1.514,1.217,1.379,8.4,8.39,8.39,8.75,8.73,8.74,9.11,9.09,9.1,10.51,10.49,10.5,0.246,0.261,26.09,26.59,454.3,456.1,453.7,0,0,10,12.78,12.78,12.78,12.54,12.53,12.53,5.494,999
"2020-01-08 06:50:00",97,8,650,0.001,0.001,0.001,0,0,0,0,0.881,0.873,325.4,7.628,1.307,0,0.325,5.557,5.369,5.464,100,100,100,1005.346,0,2.794,"NAN",5.89,5.507,5.698,7.216,6.199,6.84,1.574,0.532,1.142,8.39,8.28,8.37,8.75,8.65,8.73,9.11,9.01,9.09,10.51,10.4,10.49,0.246,0.261,26.09,26.59,454.6,455.6,453.7,0,0,10,12.81,12.78,12.78,12.54,12.53,12.53,5.549,999
